service_id,date,exception_type
1901,20161213,1
1901,20161216,1
1901,20161218,1
1901,20161219,1
1901,20161221,1
1901,20161226,1
1901,20161227,1
1901,20161228,1
1901,20170102,1
1901,20170107,1
1901,20170117,1
1901,20170125,1
1901,20170127,1
1901,20170128,1
1901,20170214,1
1901,20170216,1
1901,20170224,1
1901,20170228,1
1902,20161220,1
1902,20161223,1
1902,20170105,1
1902,20170106,1
1902,20170109,1
1902,20170110,1
1902,20170123,1
1902,20170124,1
1902,20170126,1
1902,20170223,1
1903,20170121,1
1904,20161214,1
1904,20161231,1
1904,20170108,1
1904,20170115,1
1904,20170129,1
1904,20170216,1
1911,20170122,1
1911,20170226,1
47301,20161225,2
47301,20161226,2
47301,20170101,2
47301,20170102,2
47302,20161225,2
47302,20161226,2
47302,20170101,2
47302,20170102,2
47303,20161225,2
47303,20161226,2
47303,20170101,2
47303,20170102,2
47304,20161226,2
47304,20161227,2
47304,20170102,2
47304,20170103,2
47305,20161225,2
47305,20161226,2
47305,20170101,2
47305,20170102,2
47306,20161225,2
47306,20161226,2
47306,20170101,2
47306,20170102,2
47307,20161226,2
47307,20161227,2
47307,20170102,2
47307,20170103,2
47308,20161226,2
47308,20161227,2
47308,20170102,2
47308,20170103,2
47309,20161225,1
47309,20161226,1
47309,20170101,1
47309,20170102,1
47310,20161226,2
47310,20161227,2
47310,20170102,2
47310,20170103,2
47311,20161225,2
47311,20161226,2
47311,20170101,2
47311,20170102,2
47312,20161226,2
47312,20161227,2
47312,20170102,2
47312,20170103,2
47313,20161225,2
47313,20161226,2
47313,20170101,2
47313,20170102,2
47314,20161226,2
47314,20161227,2
47314,20170102,2
47314,20170103,2
47315,20161226,1
47315,20161227,1
47315,20170102,1
47315,20170103,1
47316,20161225,2
47316,20161226,2
47316,20170101,2
47316,20170102,2
47317,20161226,2
47317,20161227,2
47317,20170102,2
47317,20170103,2
47318,20161225,2
47318,20161226,2
47318,20170101,2
47318,20170102,2
47319,20161226,2
47319,20161227,2
47319,20170102,2
47319,20170103,2
47320,20161225,2
47320,20161226,2
47320,20170101,2
47320,20170102,2
47321,20161226,2
47321,20161227,2
47321,20170102,2
47321,20170103,2
47322,20161225,2
47322,20161226,2
47322,20170101,2
47322,20170102,2
47323,20161226,2
47323,20161227,2
47323,20170102,2
47323,20170103,2
47324,20161225,2
47324,20161226,2
47324,20170101,2
47324,20170102,2
47325,20161226,2
47325,20161227,2
47325,20170102,2
47325,20170103,2
47326,20161225,2
47326,20161226,2
47326,20170101,2
47326,20170102,2
47327,20161226,2
47327,20161227,2
47327,20170102,2
47327,20170103,2
47328,20161225,2
47328,20161226,2
47328,20170101,2
47328,20170102,2
47329,20161226,2
47329,20161227,2
47329,20170102,2
47329,20170103,2
47330,20161225,2
47330,20161226,2
47330,20170101,2
47330,20170102,2
47331,20161226,2
47331,20161227,2
47331,20170102,2
47331,20170103,2
47332,20161225,2
47332,20161226,2
47332,20170101,2
47332,20170102,2
47333,20161226,2
47333,20161227,2
47333,20170102,2
47333,20170103,2
47334,20161225,2
47334,20161226,2
47334,20170101,2
47334,20170102,2
47335,20161226,2
47335,20161227,2
47335,20170102,2
47335,20170103,2
47336,20161225,2
47336,20161226,2
47336,20170101,2
47336,20170102,2
47337,20161226,2
47337,20161227,2
47337,20170102,2
47337,20170103,2
47338,20161226,1
47338,20161227,1
47338,20170102,1
47338,20170103,1
47339,20161226,1
47339,20161227,1
47339,20170102,1
47339,20170103,1
47340,20161225,1
47340,20161226,1
47340,20170101,1
47340,20170102,1
105201,20161225,2
105201,20161226,2
105201,20170101,2
105201,20170102,2
105202,20161225,2
105202,20161226,2
105202,20170101,2
105202,20170102,2
105203,20161225,2
105203,20161226,2
105203,20170101,2
105203,20170102,2
105204,20161226,2
105204,20161227,2
105204,20170102,2
105204,20170103,2
105205,20161225,2
105205,20161226,2
105205,20170101,2
105205,20170102,2
105206,20161225,2
105206,20161226,2
105206,20170101,2
105206,20170102,2
105207,20161226,2
105207,20161227,2
105207,20170102,2
105207,20170103,2
105208,20161226,2
105208,20161227,2
105208,20170102,2
105208,20170103,2
105209,20161225,1
105209,20161226,1
105209,20170101,1
105209,20170102,1
105210,20161226,2
105210,20161227,2
105210,20170102,2
105210,20170103,2
105211,20161225,2
105211,20161226,2
105211,20170101,2
105211,20170102,2
105212,20161226,2
105212,20161227,2
105212,20170102,2
105212,20170103,2
105213,20161225,2
105213,20161226,2
105213,20170101,2
105213,20170102,2
105214,20161226,2
105214,20161227,2
105214,20170102,2
105214,20170103,2
105215,20161226,1
105215,20161227,1
105215,20170102,1
105215,20170103,1
105216,20161225,2
105216,20161226,2
105216,20170101,2
105216,20170102,2
105217,20161226,2
105217,20161227,2
105217,20170102,2
105217,20170103,2
105218,20161225,2
105218,20161226,2
105218,20170101,2
105218,20170102,2
105219,20161226,2
105219,20161227,2
105219,20170102,2
105219,20170103,2
105220,20161225,2
105220,20161226,2
105220,20170101,2
105220,20170102,2
105221,20161226,2
105221,20161227,2
105221,20170102,2
105221,20170103,2
105222,20161225,2
105222,20161226,2
105222,20170101,2
105222,20170102,2
105223,20161226,2
105223,20161227,2
105223,20170102,2
105223,20170103,2
105224,20161225,2
105224,20161226,2
105224,20170101,2
105224,20170102,2
105225,20161226,2
105225,20161227,2
105225,20170102,2
105225,20170103,2
105226,20161225,2
105226,20161226,2
105226,20170101,2
105226,20170102,2
105227,20161226,2
105227,20161227,2
105227,20170102,2
105227,20170103,2
105228,20161225,2
105228,20161226,2
105228,20170101,2
105228,20170102,2
105229,20161226,2
105229,20161227,2
105229,20170102,2
105229,20170103,2
105230,20161225,2
105230,20161226,2
105230,20170101,2
105230,20170102,2
105231,20161226,2
105231,20161227,2
105231,20170102,2
105231,20170103,2
105232,20161225,2
105232,20161226,2
105232,20170101,2
105232,20170102,2
105233,20161226,2
105233,20161227,2
105233,20170102,2
105233,20170103,2
105234,20161225,2
105234,20161226,2
105234,20170101,2
105234,20170102,2
105235,20161226,2
105235,20161227,2
105235,20170102,2
105235,20170103,2
105236,20161225,2
105236,20161226,2
105236,20170101,2
105236,20170102,2
105237,20161226,2
105237,20161227,2
105237,20170102,2
105237,20170103,2
105238,20161226,1
105238,20161227,1
105238,20170102,1
105238,20170103,1
105239,20161226,1
105239,20161227,1
105239,20170102,1
105239,20170103,1
105240,20161225,1
105240,20161226,1
105240,20170101,1
105240,20170102,1
205201,20161225,2
205201,20161226,2
205201,20170101,2
205201,20170102,2
